256 1
0.402621
0.301672
0.110627
0.630044
0.092270
0.189365
0.212148
0.195365
0.210304
0.222176
0.139332
-0.015865
-0.086226
0.026328
0.210550
0.262056
0.127601
-0.041567
-0.088659
-0.028016
0.023000
0.027605
0.054472
0.126587
0.146383
0.032582
-0.126176
-0.146527
0.019367
0.208076
0.237220
0.116740
0.008163
0.007776
0.055677
0.070210
0.082036
0.163503
0.272355
0.269199
0.111933
-0.049167
-0.035578
0.138219
0.281688
0.261481
0.141800
0.063561
0.055306
0.039439
-0.006239
0.002798
0.112358
0.212793
0.152879
-0.050661
-0.204405
-0.164249
-0.004713
0.087607
0.043538
-0.041080
-0.073918
-0.087624
0.585107
-0.203699
-0.146936
0.017608
0.124190
0.040459
-0.153323
-0.249861
-0.161716
-0.007721
0.059480
0.035063
0.015907
0.027925
-0.002636
-0.098431
-0.147682
-0.041989
0.147961
0.224831
0.101966
-0.085809
0.249843
-0.063174
0.034861
0.051038
0.031773
0.044745
0.046908
-0.046685
-0.196791
-0.244708
-0.114880
0.059831
0.081874
-0.073929
-0.240292
-0.272461
-0.205191
-0.159083
-0.159849
-0.135543
-0.073083
-0.073474
-0.202115
-0.352731
-0.348669
-0.169601
0.004898
0.007050
-0.126586
-0.227169
-0.213722
-0.159337
-0.141369
-0.121121
-0.032565
0.069304
0.049195
-0.112275
-0.250856
-0.203446
-0.013208
0.120957
0.085277
-0.035003
-0.100083
-0.095880
-0.104062
-0.138071
-0.111968
0.005326
0.092960
0.012780
-0.192306
-0.321611
-0.253178
-0.086873
-0.008980
-0.067734
-0.154367
-0.183533
-0.197165
-0.254406
-0.298848
-0.225684
-0.061137
0.023320
-0.083301
-0.275307
-0.346480
-0.234941
-0.078103
-0.021104
-0.050890
-0.066949
-0.052739
-0.083312
-0.169029
-0.192615
-0.062143
0.129931
0.188275
0.053031
-0.120531
-0.151726
-0.042472
0.061826
0.078139
0.063924
0.082156
0.082263
-0.012664
-0.147472
-0.164972
-0.013461
0.155189
0.154034
-0.013530
-0.167362
-0.177633
-0.099086
-0.053419
-0.054666
-0.028703
0.027565
0.011503
-0.125400
-0.261399
-0.229884
-0.038340
0.120999
0.098243
-0.043999
-0.132728
-0.103952
-0.042802
-0.020938
0.007833
0.102274
0.195841
0.159820
-0.002254
-0.115363
-0.034910
0.168110
0.290254
0.239627
0.121060
0.070597
0.087381
0.086948
0.064795
0.106827
0.229044
0.301750
0.202355
-0.001014
-0.104317
-0.010123
0.158187
0.218208
0.143718
0.054524
0.027335
0.011464
-0.046137
-0.080824
0.003173
0.160218
0.216417
0.084183
-0.107428
-0.157247
-0.030217
0.120219
0.159281
0.117917
0.098579
0.108095
0.071293
-0.009888
-0.014857
0.130310
0.313320
0.344615
0.192271
0.029042
0.022842
0.146673
0.247818
0.256444
