256 1
0.194428
0.399773
0.133713
0.659406
0.234661
0.190749
0.288414
0.087504
0.232122
0.292353
0.144354
-0.071028
0.035519
0.220152
0.267667
0.116994
0.130891
-0.053884
-0.398769
-0.063021
0.100311
0.114034
-0.192572
0.093219
0.246637
-0.044880
-0.042451
-0.273315
0.135424
0.380505
0.336786
0.094934
0.002630
-0.070488
0.002044
0.146457
0.092102
0.181938
0.378343
0.340414
0.140043
0.071516
-0.027502
-0.019537
0.270474
0.490905
0.113738
-0.080424
0.078906
-0.015186
0.096990
0.149975
0.101594
0.333863
0.111631
-0.112570
-0.381443
-0.219926
0.168270
0.121876
-0.036339
-0.115194
-0.132125
0.019012
0.586739
-0.180731
-0.126671
0.003922
-0.076758
0.207456
-0.347355
-0.571741
-0.216480
0.080957
0.055600
0.002842
-0.003029
0.075594
0.045949
-0.002771
-0.240266
-0.157846
0.248956
0.186656
0.016157
-0.226489
0.123012
-0.109677
0.104418
-0.083205
0.218363
0.226969
0.199360
-0.033892
-0.248917
-0.116109
-0.112191
0.094346
0.212334
-0.291288
-0.098504
-0.334947
-0.415745
-0.192028
-0.272608
-0.242615
-0.190382
0.001843
-0.293288
-0.422720
-0.330988
-0.337437
0.113593
-0.316732
-0.174140
-0.300840
-0.126776
-0.109550
-0.068559
-0.182873
0.194476
0.011182
0.049619
-0.197313
-0.094815
-0.320329
-0.188303
0.082751
0.337011
-0.067678
-0.192062
-0.094567
-0.076460
-0.173998
-0.052916
-0.183310
-0.082351
-0.422328
-0.182420
-0.145045
-0.224041
-0.071856
0.094460
-0.109521
-0.228720
-0.150420
-0.108361
-0.124674
-0.435178
-0.255018
-0.291405
-0.000344
-0.176539
-0.223021
-0.291088
-0.115648
0.085493
0.159904
-0.295223
-0.062512
-0.209449
0.006620
-0.243285
-0.271013
-0.132262
0.017905
0.143238
0.186154
-0.027619
-0.138881
-0.074236
-0.318901
0.001372
0.106990
0.132532
0.119172
-0.143491
-0.159225
-0.253708
0.133650
0.325615
0.262492
-0.030083
-0.088981
-0.285744
0.072417
0.041125
-0.101879
0.048616
0.018880
0.085513
-0.210625
-0.231422
-0.313281
-0.202063
0.037062
0.038722
0.048820
-0.263792
-0.027290
-0.155164
0.108341
0.018401
0.084580
0.048632
0.020086
-0.029283
0.040144
-0.027772
0.044330
0.399260
0.226839
0.227384
0.002653
0.110567
-0.085109
-0.036417
0.192070
0.294273
0.448286
0.264291
0.020974
-0.015040
0.087587
0.296430
0.411832
0.236269
0.035655
-0.135103
-0.069602
-0.146583
-0.149753
0.182447
0.047839
0.298222
-0.097448
-0.144336
-0.167440
-0.099050
0.244227
0.118535
0.269476
0.017042
-0.037217
0.145572
0.221925
0.148912
0.261895
0.392725
0.550666
0.360334
-0.009523
0.040402
0.038609
0.229103
0.353409
